# TSP Solution Export
# Total nodes: 27
# Path length: 27

# Node coordinates (index x y)
0 355.00 472.00
1 272.00 229.00
2 822.00 403.00
3 516.00 519.00
4 754.00 265.00
5 895.00 512.00
6 757.00 567.00
7 636.00 301.00
8 833.00 271.00
9 1127.00 352.00
10 1065.00 512.00
11 832.00 600.00
12 699.00 472.00
13 753.00 249.00
14 682.00 181.00
15 536.00 226.00
16 479.00 318.00
17 216.00 337.00
18 0.00 350.00
19 412.00 554.00
20 439.00 572.00
21 153.00 631.00
22 165.00 463.00
23 237.00 307.00
24 411.00 498.00
25 548.00 578.00
26 822.00 465.00

# Solution path (node indices in order)
0
21
22
18
17
23
1
16
15
7
14
13
4
8
9
10
5
11
6
26
2
12
25
3
20
19
24
